9
9.09
9.18
9.27
9.36
9.45
9.54
9.63
9.72
9.81
9.9
9.99
10.08
10.17
10.26
10.35
10.431
10.521
10.611
10.701
10.791
10.881
10.971
11.061
11.151
11.241
11.331
11.421
11.502
11.592
11.682
11.772
11.862
11.952
12.042
12.132
12.213
12.303
12.393
12.483
12.573
12.663
12.744
12.834
12.924
13.014
13.104
13.194
13.275
13.365
13.455
13.545
13.635
13.716
13.806
13.896
13.986
14.076
14.157
14.247
14.337
14.427
14.508
14.598
14.688
14.778
14.859
14.949
15.039
15.12
15.21
15.3
15.39
15.471
15.561
15.651
15.732
15.822
15.912
16.002
16.083
16.173
16.263
16.344
16.434
16.524
16.605
16.695
16.785
16.866
16.956
17.037
17.127
17.217
17.298
17.388
17.478
17.559
17.649
17.73
17.82
17.91
17.991
18.081
18.162
18.252
18.342
18.423
18.513
18.594
18.684
18.765
18.855
18.936
19.026
19.116
19.197
19.287
19.368
19.458
19.539
19.629
19.71
19.8
19.881
19.971
20.052
20.142
20.223
20.313
20.394
20.484
20.565
20.655
20.736
20.826
20.907
20.988
21.078
21.159
21.249
21.33
21.42
21.501
21.591
21.672
21.753
21.843
21.924
22.014
22.095
22.176
22.266
22.347
22.437
22.518
22.599
22.689
22.77
22.851
22.941
23.022
23.112
23.193
23.274
23.364
23.445
23.526
23.616
23.697
23.778
23.868
23.949
24.03
24.111
24.201
24.282
24.363
24.453
24.534
24.615
24.696
24.786
24.867
24.948
25.038
25.119
25.2
25.281
25.371
25.452
25.533
25.614
25.704
25.785
25.866
25.947
26.028
26.118
26.199
26.28
26.361
26.442
26.532
26.613
26.694
26.775
26.856
26.937
27.027
27.108
27.189
27.27
27.351
27.432
27.522
27.603
27.684
27.765
27.846
27.927
28.008
28.089
28.179
28.26
28.341
28.422
28.503
28.584
28.665
28.746
28.827
28.908
28.989
29.07
29.16
29.241
29.322
29.403
29.484
29.565
29.646
29.727
29.808
29.889
29.97
30.051
30.132
30.213
30.294
30.375
30.456
30.537
30.618
30.699
30.78
30.861
30.942
31.023
31.104
31.185
31.266
31.347
31.428
31.509
31.59
31.662
31.743
31.824
31.905
31.986
32.067
32.148
32.229
32.31
32.391
32.472
32.553
32.625
32.706
32.787
32.868
32.949
33.03
33.111
33.192
33.264
33.345
33.426
33.507
33.588
33.669
33.741
33.822
33.903
33.984
34.065
34.146
34.218
34.299
34.38
34.461
34.542
34.614
34.695
34.776
34.857
34.938
35.01
35.091
35.172
35.253
35.325
35.406
35.487
35.568
35.64
35.721
35.802
35.874
35.955
36.036
36.117
36.189
36.27
36.351
36.423
36.504
36.585
36.666
36.738
36.819
36.9
36.972
37.053
37.134
37.206
37.287
37.368
37.44
37.521
37.593
37.674
37.755
37.827
37.908
37.989
38.061
38.142
38.214
38.295
38.376
38.448
38.529
38.601
38.682
38.763
38.835
38.916
38.988
39.069
39.141
39.222
39.294
39.375
39.456
39.528
39.609
39.681
39.762
39.834
39.915
39.987
40.068
40.14
40.221
40.293
40.374
40.446
40.527
40.599
40.68
40.752
40.833
40.905
40.986
41.058
41.13
41.211
41.283
41.364
41.436
41.517
41.589
41.67
41.742
41.814
41.895
41.967
42.048
42.12
42.192
42.273
42.345
42.426
42.498
42.57
42.651
42.723
42.795
42.876
42.948
43.029
43.101
43.173
43.254
43.326
43.398
43.479
43.551
43.623
43.704
43.776
43.848
43.92
44.001
44.073
44.145
44.226
44.298
44.37
44.442
44.523
44.595
44.667
44.748
44.82
44.892
44.964
45.045
45.117
45.189
45.261
45.342
45.414
45.486
45.558
45.63
45.711
45.783
45.855
45.927
45.999
46.08
46.152
46.224
46.296
46.368
46.44
46.521
46.593
46.665
46.737
46.809
46.881
46.962
47.034
47.106
47.178
47.25
47.322
47.394
47.466
47.547
47.619
47.691
47.763
47.835
47.907
47.979
48.051
48.123
48.195
48.267
48.339
48.42
48.492
48.564
48.636
48.708
48.78
48.852
48.924
48.996
49.068
49.14
49.212
49.284
49.356
49.428
49.5
49.572
49.644
49.716
49.788
49.86
49.932
50.004
50.076
50.148
50.22
50.292
50.364
50.436
50.508
50.58
50.643
50.715
50.787
50.859
50.931
51.003
51.075
51.147
51.219
51.291
51.363
51.435
51.498
51.57
51.642
51.714
51.786
51.858
51.93
52.002
52.065
52.137
52.209
52.281
52.353
52.425
52.488
52.56
52.632
52.704
52.776
52.848
52.911
52.983
53.055
53.127
53.199
53.262
53.334
53.406
53.478
53.55
53.613
53.685
53.757
53.829
53.892
53.964
54.036
54.108
54.171
54.243
54.315
54.378
54.45
54.522
54.594
54.657
54.729
54.801
54.864
54.936
55.008
55.08
55.143
55.215
55.287
55.35
55.422
55.494
55.557
55.629
55.701
55.764
55.836
55.899
55.971
56.043
56.106
56.178
56.25
56.313
56.385
56.448
56.52
56.592
56.655
56.727
56.79
56.862
56.934
56.997
57.069
57.132
57.204
57.267
57.339
57.402
57.474
57.546
57.609
57.681
57.744
57.816
57.879
57.951
58.014
58.086
58.149
58.221
58.284
58.356
58.419
58.491
58.554
58.626
58.689
58.761
58.824
58.896
58.959
59.022
59.094
59.157
59.229
59.292
59.364
59.427
59.499
59.562
59.625
59.697
59.76
59.832
59.895
59.958
60.03
60.093
60.165
60.228
60.291
60.363
60.426
60.489
60.561
60.624
60.696
60.759
60.822
60.894
60.957
61.02
61.092
61.155
61.218
61.29
61.353
61.416
61.479
61.551
61.614
61.677
61.749
61.812
61.875
61.938
62.01
62.073
62.136
62.208
62.271
62.334
62.397
62.469
62.532
62.595
62.658
62.73
62.793
62.856
62.919
62.982
63.054
63.117
63.18
63.243
63.306
63.378
63.441
63.504
63.567
63.63
63.693
63.765
63.828
63.891
63.954
64.017
64.08
64.152
64.215
64.278
64.341
64.404
64.467
64.53
64.593
64.665
64.728
64.791
64.854
64.917
64.98
65.043
65.106
65.169
65.232
65.295
65.358
65.43
65.493
65.556
65.619
65.682
65.745
65.808
65.871
65.934
65.997
66.06
66.123
66.186
66.249
66.312
66.375
66.438
66.501
66.564
66.627
66.69
66.753
66.816
66.879
66.942
67.005
67.068
67.131
67.194
67.257
67.32
67.374
67.437
67.5
67.563
67.626
67.689
67.752
67.815
67.878
67.941
68.004
68.067
68.121
68.184
68.247
68.31
68.373
68.436
68.499
68.562
68.616
68.679
68.742
68.805
68.868
68.931
68.985
69.048
69.111
69.174
69.237
69.3
69.354
69.417
69.48
69.543
69.606
69.66
69.723
69.786
69.849
69.912
69.966
70.029
70.092
70.155
70.209
70.272
70.335
70.398
70.452
70.515
70.578
70.632
70.695
70.758
70.821
70.875
70.938
71.001
71.055
71.118
71.181
71.244
71.298
71.361
71.424
71.478
71.541
71.604
71.658
71.721
71.784
71.838
71.901
71.955
72.018
72.081
72.135
72.198
72.261
72.315
72.378
72.432
72.495
72.558
72.612
72.675
72.729
72.792
72.855
72.909
72.972
73.026
73.089
73.143
73.206
73.26
73.323
73.386
73.44
73.503
73.557
73.62
73.674
73.737
73.791
73.854
73.908
73.971
74.025
74.088
74.142
74.205
74.259
74.322
74.376
74.439
74.493
74.556
74.61
74.664
74.727
74.781
74.844
74.898
74.961
75.015
75.078
75.132
75.186
75.249
75.303
75.366
75.42
75.474
75.537
75.591
75.654
75.708
75.762
75.825
75.879
75.933
75.996
76.05
76.113
76.167
76.221
76.284
76.338
76.392
76.455
76.509
76.563
76.626
76.68
76.734
76.788
76.851
76.905
76.959
77.022
77.076
77.13
77.184
77.247
77.301
77.355
77.418
77.472
77.526
77.58
77.643
77.697
77.751
77.805
77.868
77.922
77.976
78.03
78.084
78.147
78.201
78.255
78.309
78.363
78.426
78.48
78.534
78.588
78.642
78.696
78.759
78.813
78.867
78.921
78.975
79.029
79.092
79.146
79.2
79.254
79.308
79.362
79.416
79.47
79.533
79.587
79.641
79.695
79.749
79.803
79.857
79.911
79.965
80.019
80.073
80.127
80.19
80.244
80.298
80.352
80.406
80.46
80.514
80.568
80.622
80.676
80.73
80.784
80.838
80.892
80.946
81