3
3.048
3.096
3.144
3.192
3.24
3.288
3.336
3.384
3.432
3.48
3.528
3.576
3.618
3.666
3.714
3.762
3.81
3.858
3.906
3.954
4.002
4.044
4.092
4.14
4.188
4.236
4.284
4.326
4.374
4.422
4.47
4.518
4.566
4.608
4.656
4.704
4.752
4.794
4.842
4.89
4.938
4.98
5.028
5.076
5.124
5.166
5.214
5.262
5.304
5.352
5.4
5.442
5.49
5.538
5.58
5.628
5.676
5.718
5.766
5.808
5.856
5.904
5.946
5.994
6.036
6.084
6.132
6.174
6.222
6.264
6.312
6.354
6.402
6.444
6.492
6.54
6.582
6.63
6.672
6.72
6.762
6.804
6.852
6.894
6.942
6.984
7.032
7.074
7.122
7.164
7.212
7.254
7.296
7.344
7.386
7.434
7.476
7.518
7.566
7.608
7.65
7.698
7.74
7.782
7.83
7.872
7.914
7.962
8.004
8.046
8.094
8.136
8.178
8.22
8.268
8.31
8.352
8.394
8.442
8.484
8.526
8.568
8.616
8.658
8.7
8.742
8.784
8.832
8.874
8.916
8.958
9
9.042
9.09
9.132
9.174
9.216
9.258
9.3
9.342
9.384
9.426
9.474
9.516
9.558
9.6
9.642
9.684
9.726
9.768
9.81
9.852
9.894
9.936
9.978
10.02
10.062
10.104
10.146
10.188
10.23
10.272
10.314
10.356
10.398
10.44
10.482
10.524
10.566
10.608
10.644
10.686
10.728
10.77
10.812
10.854
10.896
10.938
10.974
11.016
11.058
11.1
11.142
11.184
11.22
11.262
11.304
11.346
11.388
11.424
11.466
11.508
11.55
11.592
11.628
11.67
11.712
11.754
11.79
11.832
11.874
11.91
11.952
11.994
12.036
12.072
12.114
12.156
12.192
12.234
12.276
12.312
12.354
12.39
12.432
12.474
12.51
12.552
12.594
12.63
12.672
12.708
12.75
12.786
12.828
12.87
12.906
12.948
12.984
13.026
13.062
13.104
13.14
13.182
13.218
13.26
13.296
13.338
13.374
13.416
13.452
13.494
13.53
13.566
13.608
13.644
13.686
13.722
13.764
13.8
13.836
13.878
13.914
13.956
13.992
14.028
14.07
14.106
14.142
14.184
14.22
14.256
14.298
14.334
14.37
14.412
14.448
14.484
14.52
14.562
14.598
14.634
14.676
14.712
14.748
14.784
14.82
14.862
14.898
14.934
14.97
15.012
15.048
15.084
15.12
15.156
15.192
15.234
15.27
15.306
15.342
15.378
15.414
15.45
15.492
15.528
15.564
15.6
15.636
15.672
15.708
15.744
15.78
15.816
15.852
15.888
15.924
15.96
15.996
16.032
16.068
16.104
16.14
16.176
16.212
16.248
16.284
16.32
16.356
16.392
16.428
16.464
16.5
16.536
16.572
16.608
16.644
16.68
16.716
16.752
16.782
16.818
16.854
16.89
16.926
16.962
16.998
17.028
17.064
17.1
17.136
17.172
17.208
17.238
17.274
17.31
17.346
17.376
17.412
17.448
17.484
17.52
17.55
17.586
17.622
17.652
17.688
17.724
17.76
17.79
17.826
17.862
17.892
17.928
17.964
17.994
18.03
18.066
18.096
18.132
18.168
18.198
18.234
18.264
18.3
18.336
18.366
18.402
18.432
18.468
18.498
18.534
18.57
18.6
18.636
18.666
18.702
18.732
18.768
18.798
18.834
18.864
18.9
18.93
18.966
18.996
19.032
19.062
19.098
19.128
19.158
19.194
19.224
19.26
19.29
19.326
19.356
19.386
19.422
19.452
19.482
19.518
19.548
19.584
19.614
19.644
19.68
19.71
19.74
19.776
19.806
19.836
19.866
19.902
19.932
19.962
19.998
20.028
20.058
20.088
20.124
20.154
20.184
20.214
20.244
20.28
20.31
20.34
20.37
20.4
20.436
20.466
20.496
20.526
20.556
20.586
20.622
20.652
20.682
20.712
20.742
20.772
20.802
20.832
20.868
20.898
20.928
20.958
20.988
21.018
21.048
21.078
21.108
21.138
21.168
21.198
21.228
21.258
21.288
21.318
21.348
21.378
21.408
21.438
21.468
21.498
21.528
21.558
21.588
21.618
21.648
21.678
21.702
21.732
21.762
21.792
21.822
21.852
21.882
21.912
21.942
21.966
21.996
22.026
22.056
22.086
22.116
22.14
22.17
22.2
22.23
22.26
22.284
22.314
22.344
22.374
22.398
22.428
22.458
22.488
22.512
22.542
22.572
22.602
22.626
22.656
22.686
22.71
22.74
22.77
22.794
22.824
22.854
22.878
22.908
22.938
22.962
22.992
23.022
23.046
23.076
23.1
23.13
23.16
23.184
23.214
23.238
23.268
23.292
23.322
23.346
23.376
23.4
23.43
23.46
23.484
23.514
23.538
23.568
23.592
23.616
23.646
23.67
23.7
23.724
23.754
23.778
23.808
23.832
23.856
23.886
23.91
23.94
23.964
23.988
24.018
24.042
24.072
24.096
24.12
24.15
24.174
24.198
24.228
24.252
24.276
24.306
24.33
24.354
24.384
24.408
24.432
24.456
24.486
24.51
24.534
24.558
24.588
24.612
24.636
24.66
24.69
24.714
24.738
24.762
24.786
24.81
24.84
24.864
24.888
24.912
24.936
24.96
24.99
25.014
25.038
25.062
25.086
25.11
25.134
25.158
25.182
25.212
25.236
25.26
25.284
25.308
25.332
25.356
25.38
25.404
25.428
25.452
25.476
25.5
25.524
25.548
25.572
25.596
25.62
25.644
25.668
25.692
25.716
25.74
25.764
25.788
25.806
25.83
25.854
25.878
25.902
25.926
25.95
25.974
25.998
26.016
26.04
26.064
26.088
26.112
26.136
26.154
26.178
26.202
26.226
26.25
26.274
26.292
26.316
26.34
26.364
26.382
26.406
26.43
26.454
26.472
26.496
26.52
26.544
26.562
26.586
26.61
26.628
26.652
26.676
26.694
26.718
26.742
26.76
26.784
26.808
26.826
26.85
26.868
26.892
26.916
26.934
26.958
26.976
27
27.024
27.042
27.066
27.084
27.108
27.126
27.15
27.168
27.192
27.216
27.234
27.258
27.276
27.3
27.318
27.336
27.36
27.378
27.402
27.42
27.444
27.462
27.486
27.504
27.528
27.546
27.564
27.588
27.606
27.63
27.648
27.666
27.69
27.708
27.726
27.75
27.768
27.786
27.81
27.828
27.846
27.87
27.888
27.906
27.93
27.948
27.966
27.984
28.008
28.026
28.044
28.062
28.086
28.104
28.122
28.14
28.164
28.182
28.2
28.218
28.236
28.26
28.278
28.296
28.314
28.332
28.35
28.374
28.392
28.41
28.428
28.446
28.464
28.482
28.5
28.518
28.542
28.56
28.578
28.596
28.614
28.632
28.65
28.668
28.686
28.704
28.722
28.74
28.758
28.776
28.794
28.812
28.83
28.848
28.866
28.884
28.902
28.92
28.938
28.956
28.974
28.992
29.01
29.028
29.04
29.058
29.076
29.094
29.112
29.13
29.148
29.166
29.178
29.196
29.214
29.232
29.25
29.268
29.28
29.298
29.316
29.334
29.352
29.364
29.382
29.4
29.418
29.436
29.448
29.466
29.484
29.502
29.514
29.532
29.55
29.562
29.58
29.598
29.616
29.628
29.646
29.664
29.676
29.694
29.712
29.724
29.742
29.754
29.772
29.79
29.802
29.82
29.838
29.85
29.868
29.88
29.898
29.91
29.928
29.946
29.958
29.976
29.988
30.006
30.018
30.036
30.048
30.066
30.078
30.096
30.108
30.126
30.138
30.156
30.168
30.186
30.198
30.21
30.228
30.24
30.258
30.27
30.288
30.3
30.312
30.33
30.342
30.36
30.372
30.384
30.402
30.414
30.426
30.444
30.456
30.468
30.486
30.498
30.51
30.528
30.54
30.552
30.564
30.582
30.594
30.606
30.624
30.636
30.648
30.66
30.672
30.69
30.702
30.714
30.726
30.744
30.756
30.768
30.78
30.792
30.804
30.822
30.834
30.846
30.858
30.87
30.882
30.894
30.912
30.924
30.936
30.948
30.96
30.972
30.984
30.996
31.008
31.02
31.032
31.044
31.056
31.068
31.08
31.092
31.104
31.116
31.128
31.14
31.152
31.164
31.176
31.188
31.2
31.212
31.224
31.236
31.248
31.26
31.272
31.284
31.296
31.308
31.32
31.332
31.338
31.35
31.362
31.374
31.386
31.398
31.41
31.416
31.428
31.44
31.452
31.464
31.476
31.482
31.494
31.506
31.518
31.524
31.536
31.548
31.56
31.572
31.578
31.59
31.602
31.608
31.62
31.632
31.644
31.65
31.662
31.674
31.68
31.692
31.704
31.71
31.722
31.734
31.74
31.752
31.764
31.77
31.782
31.788
31.8